1

458 388
335 406
367 329
258 346

321 408
185 429
244 347
123 362

2

459 386
336 405
367 332
258 344

322 406
186 427
246 346
124 361

3

460 386
338 402
369 329
259.529 343.895

322 404
187 425
247 344
126 360

4

459 385
338 403
369.484 330.158
259.974 343.895

322 404
187 426
248 344
126 360

5

459 388
338 406
368 332
259 345

323 408
188 428
247 346
126.261 363.174

6

455 385
338 406
361 330
256 346

323 406
191 430
242 347
121 364

7

443 374
344 401
336 325
240 347

329 403
213 432
228 348
116 371

8

430 364
351 396
309 322
227 348

339 399
238 437
216 351
115 382

9

395 349
344 385
256 318
199 350

337 389
271 436
190 354
111 396

10

349 333
330 371
199 317
168 352

326 377
301 427
163 358
119 405

11

321 322
324 360
172 317
160 353

324 366
327 415
157 358
139 408

12

306 318
323 353
162 318
162 354

325 359
345 407
162 359
164 409

13

306 318
324 352
164 318
165 354

327 359
348 405
166.344 358.973
168 406

14

311 318
326 352
168 319
169 353

329 358
349 405
169 359
172 406

15

310 316
327 350
168 318
171 352

330 356
351 403
171 358
174 405

16

296 314
318 348
156 317
165 351

322 353
348 400
165 357
174 405

17

287 298
312 346
147 302
161 353

315 352
348 397
162 359
177 406

18

272 265
301 338
133 278
152 353

304 348
344 392
155 359
179 405

19

259 239
292 324
123 263
147 351

297 332
338 375
151 358
178 403

20

243 201
293 282
115 255
156 344

296 288
335.495 328.164
159.129 351.037
185 396

21

218.574 162.474
288 235
110 253
176 331

294 241
344 280
181.576 338.434
222 387

22

201.658 143.053
286 200
115 253
198 315

295 206
377 250
206.828 322.562
284 375

23

199.432 138.316
291 189
126 256
220 310

302 194
391 233
229.275 316.494
315 365

24

200.768 140.211
298 186
139 266
237 312

309 189
400 222
247 317
338 360

25

199 144
302 181
150 278
255 315

313 186
413 217
264 319
365 358

26

207 151
314 178
173 292
282 318

327 179
436 206
291 319
401 349

27

225 167
328 179
209.226 314.526
311 320

340 180
453 195
322 321
433 337

28

248 179
338 185
240 330
331 328

349 186
460 192
341.507 328.164
454 335

29

256.858 189
344 188
258 342
346 333

354.334 188.589
461.355 188.589
357.54 331.432
464 329

30

252 194
345 190
260.865 347.684
353 334

356 189
455 184
365 332
464 323

31

252 197
338 190
264 349
349 332

349 189
451 181
359 330
461 319

32

251.961 192.316
333 186
262 345
340 328

343.11 184.855
448.929 178.32
351.528 327.23
458 318

33

253.742 189.474
334 185
261.31 342.474
340.548 328.263

345 185
451 180
351 326
457 320

34

250.181 188.053
333.426 184.737
255.968 342
338.768 328.737

343.912 184.855
450 181
349.123 326.763
456 322

35

245.284 187.579
329.419 184.737
251 342
335.652 327.789

340.305 185.322
447.326 179.72
345.115 326.763
453 321

36

244 190
328 186
250 343
334.761 328.737

339 186
446.524 180.654
344.714 327.697
452 321

37

244 188
329.419 182.842
250 340
334.761 326.842

339.102 182.988
446.524 178.32
344.714 324.896
451 319

38

243 185
328 181
249.29 338.211
333.426 324.474

338.701 181.12
446.124 176.919
344 323
451 318

39

241.723 181.895
327 180
248.4 337.263
332.689 323.029

337.499 180.187
444.52 175.985
343.11 321.629
450 316

40

240.387 181.895
325 180
247.955 336.316
331.2 323.053

336 179
443 176
342.309 321.629
449 316

41

239.942 182.368
324 180
246.174 336.316
329.865 323.526

335 180
442 176
340.305 322.562
447 316

42

240.387 182.842
325 180
247.065 337.263
330 323

335 179
442.516 176.919
341.106 322.095
448 316

43

241 181
326 178
246 335
331 322

336 178
442 175
341.106 321.162
449 315

44

240 179
325.413 176.211
245.284 332.526
330 319

336 177
442 171
341.106 318.828
447 312

45

235 175
321 172
240.387 329.211
325.858 316.421

332 173
441 168
335.495 315.56
445 310

46

221 171
311 169
226 325
316 314

323 169
434 167
327.478 313.693
439 309

47

200 169
301 168
206 323
305 314

312 168
426.483 164.315
317 313
432 311

48

177 167
285 169
181 322
289 316

298 169
413 165
301 316
416 315

49

156.252 161.526
270 168
154 318
266.652 317.842

282 169
395 167
278.577 319.295
392 323

50

140.226 161.053
256 169
132 318
249.735 321.158

269 171
379 170
261 322
372 328

51

132.213 164.842
250 174
121.974 321.632
242.613 327.316

263 175
378 175
254.527 328.164
371 335

52

129 169
249 178
117.523 325.895
239.052 332.526

262 179
379 183
251.32 333.766
369 344

53

134 174
253.742 183.316
122.419 331.105
242.168 338.211

266.953 185.322
383 193
254.527 339.367
370 354

54

139 177
258.194 184.263
129 333
248.4 338.211

272.164 185.322
387 193
260.539 339.367
377 353

55

144 176
263 184
133.994 333.474
254.187 337.263

277 185
392 193
266.552 338.9
381 352

56

152 177
271 184
142.897 334.895
262 338

284 186
400 194
275 339
390 355

57

157.587 177.632
277 185
149 335
269 339

291 187
408 194
281 340
399 354

58

161 179
280.897 187.105
152.69 337.263
272.884 341.053

295 189
411 195
284.99 342.168
403 356

59

162 180
281.787 188.053
153.581 337.737
273.329 341.526

295.812 189.523
413 195
285 342
402.834 356.172

60

163 181
283 189
153.135 339.158
273.774 342.474

296.213 189.99
414 197
285 345
403 359

61

164 180
283.568 188.526
154.471 338.684
274 342

297.416 189.523
415.26 196.992
286.193 343.102
403 358

62

164 179
283 187
154.471 336.316
274 341

296.614 188.589
414.057 194.658
285.792 342.168
402.433 356.172

63

159.368 176.684
279 186
148 334
268.432 339.632

293 188
409.247 195.124
280 341
396 357

64

147.794 173.368
267 184
135 329
255.523 337.263

280.581 185.788
394 196
266.552 338.434
379.987 356.639

65

130 170
249 182
115 324
234 334

262 183
370 195
244 335
352 356

66

113 167
230 181
96 319
212.787 330.632

243 183
345 198
224 332
325 356

67

97 165
213 181
80 313
194 329

223 182
320 196
204 331
300 354

68

85.9161 162.474
193 179
65.4387 307.421
173 326

205.225 181.587
289 195
182.778 328.631
265.75 355.239

69

76.5677 160.579
179.845 177.632
55.6452 303.158
157 323

189.593 179.72
264 195
165.944 327.23
239.295 354.305

70

71 162
168 178
52.9742 304.105
148.684 324.947

179 181
259 196
158 328
235 355

71

73.0065 163.895
170 182
54 306
151 328

182 184
260 204
160.332 331.898
237 364

72

75.2323 166.737
178.955 184.263
58.3161 310.263
159 331

189.993 187.189
262.143 206.795
168.349 335.166
238.895 366.909

73

76 168
181.181 185.211
59 313
163 335

192.398 188.589
267.354 206.795
171 338
244.105 369.243

74

73 169
179 186
55 316
159 338

189 189
268.155 207.261
167.948 341.701
245 374

75

71 169
178.955 186.632
54 320
159 341

189.993 189.523
269 208
169.551 345.436
247 378

76

70 168
180 186
53 320
160.703 342

192 187
272.164 207.728
171 346
249 378

77

69 166
181 184
50 320
160 343

191 186
276 207
169 347
252 382

78

64 165
179 184
45 324
157.587 347.211

190.529 186.158
276 207
167 350
250 385

79

60 167
177 187
40.5097 328.263
155 351

188 189
275 209
165 354
250 390

80

56 167
175.165 187.105
37.3935 331.579
154 354

187 190
275 210
164 358
250 393

81

51 168
172 187
31.6127 333
150 356

183 190
271.558 211.263
160.332 360.373
247 396

82

46 168
167 188
26.7097 335.368
145.626 358.579

180.348 189.947
270.003 211.263
156.724 363.174
244 399

83

41 169
165 188
21.3677 338.684
143 361

177.756 190.895
270 212
154 365
244 402

84

40 169
165 189
18.6968 340.579
141.48 363.789

177.968 191.39
271 213
153.917 367.579
245 403

85

40.9548 169.579
165.837 189
18.6968 340.579
142.516 363.789

179 191
273.113 213.632
154.32 367.376
246 404

